Real Data loaded   :    100
M: 3
-----

	eta           10     100    1000   10000
	----     ------- ------- ------- -------
	0.10      0.0033  0.0026  0.0026  0.0026
	0.30      0.0163  0.0163  0.0163  0.0163
	0.50      0.0331  0.0331  0.0331  0.0331
	0.70      0.0549  0.0549  0.0549  0.0549
	0.90      0.0772  0.0772  0.0772  0.0772

M: 5
-----

	eta           10     100    1000   10000
	----     ------- ------- ------- -------
	0.10      0.0067  0.0067  0.0067  0.0067
	0.30      0.0309  0.0309  0.0309  0.0309
	0.50      0.0736  0.0736  0.0736  0.0736
	0.70      0.1241  0.1241  0.1241  0.1241
	0.90      0.1425  0.1425  0.1425  0.1425

M: 10
-----

	eta           10     100    1000   10000
	----     ------- ------- ------- -------
	0.10      0.0168  0.0168  0.0168  0.0168
	0.30      0.0630  0.0630  0.0630  0.0630
	0.50      0.1544  0.1544  0.1544  0.1544
	0.70      0.1760  0.1760  0.1760  0.1760
	0.90      0.2102  0.2102  0.2102  0.2102

M: 20
-----

	eta           10     100    1000   10000
	----     ------- ------- ------- -------
	0.10      0.0344  0.0344  0.0344  0.0344
	0.30      0.1835  0.1835  0.1835  0.1835
	0.50      0.2638  0.2638  0.2638  0.2638
	0.70      0.2831  0.2831  0.2831  0.2831
	0.90      0.3177  0.3177  0.3177  0.3177

M: 50
-----

	eta           10     100    1000   10000
	----     ------- ------- ------- -------
	0.10      0.1508  0.1508  0.1508  0.1508
	0.30      0.3143  0.3143  0.3143  0.3143
	0.50      0.3392  0.3392  0.3392  0.3392
	0.70      0.3756  0.3756  0.3756  0.3756
	0.90      0.3848  0.3848  0.3848  0.3848



Minimum Error: 0.240503
M: 50.00, eta: 0.90, itr: 10.00

Class Data loaded  :    731
